1, 3, 80, 80, 10, 300, 9, false, 0, 100
regular, 100, 100, 0
choice, 100, 100, 0, 2, 0, 0, 0, 0, false, 0, 0, 0, 2, 0, false, 30000
choice, 100, 100, 0, 0, 0, 5, 0, 0, false, 0, 0, 0, 0, 0, false, 30000
choice, 100, 100, 0, 0, 3, 0, 0, 0, false, 0, 0, 0, 3, 0, false, 45000
choice, 100, 100, 1, 0, 0, 0, 3, 0, false, 0, 0, 0, 0, 0, false, 30000
choice, 100, 100, 1, 2, 0, 0, 0, 0, false, 0, 0, 0, 0, 0, false, 30000
choice, 100, 100, 1, 0, 0, 0, 0, 0, false, 0, 0, 0, 5, 0, false, 45000
choice, 100, 100, 2, 0, 0, 0, 5, 0, false, 0, 0, 0, 0, 0, false, 30000
choice, 100, 100, 2, 10, 0, 0, 0, 0, false, 0, 0, 0, 0, 0, false, 30000
